starttime:2017-06-01 10:27:54.754721	endtime:2017-06-01 10:39:43.881967	 used 709seconds
starttime:2017-06-01 10:40:42.803959	endtime:2017-06-01 11:06:14.808940	 used 1532seconds
