starttime:2017-05-31 15:37:44.251366	endtime:2017-06-01 09:15:21.940386	 used 63457seconds
starttime:2017-06-01 09:18:30.569573	endtime:2017-06-01 09:35:15.204917	 used 1004seconds
