starttime:2017-05-31 09:33:58.776120	endtime:2017-05-31 14:58:08.936270	 used 19450seconds
starttime:2017-06-01 17:23:46.973822	endtime:2017-06-02 09:51:45.024666	 used 59278seconds
starttime:2017-06-02 10:33:56.448050	endtime:2017-06-02 17:20:16.227563	 used 24379seconds
starttime:2017-06-02 17:34:24.208399	endtime:2017-06-03 10:00:43.561755	 used 59179seconds
